PLOT	BLOCK	CHECK	GENOTIPOS	LINEA	MM	FS	HM	EX	NS	PS	BG	EG	SA	PT
450	1	GENO	Inno3_28	Inno3_28	4	5/7/2015	4.6	81.9	669	4.2	356	90	22	11.1
451	1	GENO	Inno4_22	Inno4_22	4	5/7/2015	4.3	81.3	661	4.1	29	95	37	10.4
452	1	GENO	Inno3_31	Inno3_31	4	5/7/2015	4.5	81.3	605	3.8	573	80	39	11.9
453	1	LIVIA	LL99	LIVIA	NA	5/7/2015	NA	NA	NA	NA	NA	NA	NA	NA
454	1	GENO	Inno1_160	Inno1_160	4	5/7/2015	4.6	80.2	562	3.5	705	95	37	12
455	1	GENO	Inno2_19	Inno2_19	4	5/7/2015	4.3	81.6	648	4	226	98	59	11.3
456	1	GENO	Inno1_143	Inno1_143	4	5/7/2015	4.3	82.1	651	4.1	533	98	61	10.3
457	1	ARRAYAN	LL99	ARRAYAN	4	5/7/2015	4.9	80.7	557	3.5	630	78	40	9.7
458	1	GENO	Inno3_21	Inno3_21	4	5/7/2015	5	83	590	3.7	271	94	21	10.6
459	1	GENO	Inno2_45	Inno2_45	4	5/7/2015	5	81.8	533	3.3	767	74	46	10.4
460	1	KALENA	LL99	KALENA	4	5/7/2015	4.9	81.2	620	3.9	293	98	48	11.8
461	1	GENO	Inno3_44	Inno3_44	4	5/7/2015	4.7	81.7	613	3.8	371	93	35	11
462	1	GENO	Inno2_15	Inno2_15	4	5/7/2015	4.7	81.2	607	3.8	438	91	56	11.1
463	1	GENO	Inno2_13	Inno2_13	4	5/7/2015	4.7	81.2	667	4.2	208	97	42	12.3
464	1	GENO	Inno2_17	Inno2_17	4	5/7/2015	4.6	82.4	726	4.5	217	97	51	11.7
465	1	UMBRELLA	LL99	UMBRELLA	4	5/7/2015	4.6	80.2	590	3.7	323	96	52	10.4
466	1	GENO	Inno4_24	Inno4_24	4	5/7/2015	5.1	82.1	734	4.6	288	90	5	10.7
467	1	GENO	Inno3_42	Inno3_42	4	5/7/2015	5.1	80.8	647	4	124	99	22	9.9
468	1	GENO	Inno2_35	Inno2_35	4	5/7/2015	5	82.3	723	4.5	146	94	27	10.2
469	1	DANIELLE	LL99	DANIELLE	4	5/7/2015	4.8	82.8	595	3.7	287	94	38	9.1
470	1	GENO	Inno3_10	Inno3_10	4	5/7/2015	5.2	81.4	667	4.2	333	99	22	11.3
471	1	GENO	Inno1_166	Inno1_166	4	5/7/2015	5	81.5	579	3.6	375	88	37	10.9
472	1	GENO	Inno1_170	Inno1_170	4	5/7/2015	5	80.5	590	3.7	323	76	24	10.3
473	1	GENO	Inno1_112	Inno1_112	4	5/7/2015	4	82	502	3.1	412	89	29	9.1
474	1	GENO	Inno1_142	Inno1_142	6	26/7/2015	4.6	82.4	505	3.2	744	71	24	9.1
475	1	GENO	Inno4_28	Inno4_28	6	26/7/2015	4.4	78.9	559	3.7	263	93	60	10
476	1	CONCHITA	LL99	CONCHITA	6	26/7/2015	4.3	81.8	541	3.4	544	96	62	9.9
477	1	GENO	Inno3_41	Inno3_41	6	26/7/2015	4.2	82.7	582	3.6	226	93	28	9.9
478	1	GENO	Inno3_16	Inno3_16	6	26/7/2015	4.3	81.6	594	3.7	364	80	23	10.2
479	1	GENO	Inno3_25	Inno3_25	6	26/7/2015	4.3	82.3	579	3.6	490	93	21	11.3
480	1	GENO	Inno4_6	Inno4_6	6	26/7/2015	4	80.8	589	3.7	213	99	27	10.6
481	1	GENO	Inno3_6	Inno3_6	6	26/7/2015	4.9	81.2	582	3.6	583	91	44	11.1
482	1	GENO	Inno2_34	Inno2_34	6	26/7/2015	4.6	81.9	543	3.4	306	96	45	9.8
483	1	GENO	Inno1_156	Inno1_156	6	26/7/2015	4.3	81.8	662	4.1	381	91	29	10.7
484	1	CLE267	LL99	CLE267	6	26/7/2015	4.4	81.2	658	4.1	399	98	28	11
485	1	GENO	Inno4_13	Inno4_13	6	26/7/2015	4.1	81.9	650	4.1	336	93	17	10.3
486	1	GENO	Inno3_40	Inno3_40	6	26/7/2015	4.2	82.5	617	3.9	112	91	45	10.4
487	1	GENO	Inno1_44	Inno1_44	6	26/7/2015	4.4	79.5	487	3	764	82	32	10.6
488	1	GENO	Inno4_23	Inno4_23	6	26/7/2015	4.1	81.4	653	4.1	73	91	14	9.6
489	1	GENO	Inno3_23	Inno3_23	6	26/7/2015	4.8	81.6	538	3.4	491	84	54	9.9
490	1	GENO	Inno4_11	Inno4_11	6	26/7/2015	4.7	81.5	556	3.5	511	91	41	9.3
491	1	GENO	Inno1_153	Inno1_153	6	26/7/2015	4.4	82.2	558	3.5	69	94	49	8.7
492	1	DAYMAN	LL99	DAYMAN	6	26/7/2015	4.7	80.3	657	4.1	684	85	52	11.8
493	1	GENO	Inno4_20	Inno4_20	6	26/7/2015	4.5	80.6	671	4.2	357	93	43	10.9
494	1	GENO	Inno1_149	Inno1_149	6	26/7/2015	4.5	80.1	542	3.4	635	90	40	11
495	2	GENO	Inno3_17	Inno3_17	6	26/7/2015	4.5	81.5	574	3.6	326	98	30	11.5
496	2	DANIELLE	LL99	DANIELLE	6	26/7/2015	4.5	81.5	618	3.9	200	95	21	11.4
497	2	GENO	Inno3_22	Inno3_22	6	26/7/2015	5	80.5	609	3.8	231	98	20	11.5
498	2	GENO	Inno3_43	Inno3_43	6	26/7/2015	5.2	79.9	641	4	505	94	39	11.6
499	2	KALENA	LL99	KALENA	6	26/7/2015	5	81.8	549	3.4	288	93	22	10.3
500	2	GENO	Inno1_40	Inno1_40	6	26/7/2015	4.9	81.4	557	3.5	403	97	39	11.1
501	2	GENO	Inno3_12	Inno3_12	6	26/7/2015	4.7	82.2	544	3.4	320	95	17	10.4
502	2	GENO	Inno1_168	Inno1_168	6	26/7/2015	4.3	80.1	572	3.6	119	98	12	9.7
503	2	GENO	Inno2_31	Inno2_31	6	26/7/2015	4.5	81.8	605	3.8	196	100	24	10.3
504	2	GENO	Inno3_2	Inno3_2	6	26/7/2015	4.3	81.6	613	3.8	302	92	14	10.3
505	2	GENO	Inno2_6	Inno2_6	6	26/7/2015	5	80.7	627	3.9	361	96	60	11.1
506	2	ARRAYAN	LL99	ARRAYAN	6	26/7/2015	5.3	80.8	531	3.3	604	62	23	9.7
507	2	GENO	Inno2_38	Inno2_38	6	26/7/2015	5.5	81	615	3.8	494	88	43	10.7
508	2	DAYMAN	LL99	DAYMAN	6	26/7/2015	5.2	79.7	631	3.9	702	94	44	11
509	2	GENO	Inno4_14	Inno4_14	6	26/7/2015	4.9	80.7	633	4	192	95	25	11.4
510	2	GENO	Inno1_146	Inno1_146	6	26/7/2015	5.2	79.7	562	3.5	665	85	29	11.7
511	2	GENO	Inno4_8	Inno4_8	6	26/7/2015	4.7	82.2	581	3.6	397	92	4	10.2
512	2	GENO	Inno2_36	Inno2_36	6	26/7/2015	4.6	79.7	640	4	269	92	24	16.1
513	2	GENO	Inno3_4	Inno3_4	7	2/8/2015	4.5	81	561	3.5	527	88	34	11.2
514	2	GENO	Inno2_16	Inno2_16	7	2/8/2015	4	81.3	583	3.6	324	94	22	10.2
515	2	GENO	Inno4_7	Inno4_7	7	2/8/2015	3.7	81.7	710	4.4	73	97	17	10.7
516	2	GENO	Inno4_4	Inno4_4	7	2/8/2015	4.8	82.1	629	3.9	148	89	14	10.5
517	2	GENO	Inno2_3	Inno2_3	7	2/8/2015	3.9	81.9	561	3.5	429	91	31	9.9
518	2	GENO	Inno2_39	Inno2_39	7	2/8/2015	3.6	81.6	556	3.5	240	89	42	9.1
519	2	GENO	Inno3_9	Inno3_9	7	2/8/2015	3.9	81.7	511	3.2	607	99	35	10.1
520	2	GENO	Inno3_30	Inno3_30	7	2/8/2015	4.6	81.6	597	3.7	421	91	44	11.1
521	2	GENO	Inno1_111	Inno1_111	7	2/8/2015	4.2	82.2	641	4	247	94	20	9.9
522	2	GENO	Inno2_21	Inno2_21	7	2/8/2015	4.2	82	600	3.8	211	95	36	10.3
523	2	GENO	Inno1_152	Inno1_152	7	2/8/2015	4.3	80.8	623	3.9	505	94	40	11.9
524	2	GENO	Inno3_18	Inno3_18	7	2/8/2015	4.1	82.6	597	3.7	227	96	25	10.3
525	2	GENO	Inno2_12	Inno2_12	7	2/8/2015	4	82	602	3.8	204	94	27	10.6
526	2	CONCHITA	LL99	CONCHITA	7	2/8/2015	3.9	81.7	558	3.5	442	91	23	10.4
527	2	GENO	Inno2_40	Inno2_40	7	2/8/2015	4.2	81.5	543	3.4	549	95	36	10.7
528	2	UMBRELLA	LL99	UMBRELLA	7	2/8/2015	4.1	79.7	593	3.7	329	95	60	10.8
529	2	GENO	Inno2_9	Inno2_9	7	2/8/2015	4.5	82	574	3.6	332	99	28	9.7
530	2	GENO	Inno3_24	Inno3_24	7	2/8/2015	4.1	81.9	568	3.6	65	89	20	9.3
531	2	GENO	Inno1_155	Inno1_155	7	2/8/2015	4.4	80.2	560	3.5	685	70	40	11.7
532	2	GENO	Inno2_23	Inno2_23	7	2/8/2015	4.3	81.3	548	3.4	207	97	21	10.3
533	2	GENO	Inno3_13	Inno3_13	7	2/8/2015	4.4	81.4	545	3.4	551	93	26	10.7
534	2	GENO	Inno2_37	Inno2_37	7	2/8/2015	4.1	79.9	649	4.1	384	90	59	11.2
535	2	GENO	Inno1_122	Inno1_122	7	2/8/2015	4.3	82.1	607	3.8	494	89	28	11.2
536	2	LIVIA	LL99	LIVIA	7	2/8/2015	3.6	81.4	568	3.6	85	93	31	9.8
537	2	CLE267	LL99	CLE267	7	2/8/2015	4.8	81.1	651	4.1	262	100	32	11.5
538	2	GENO	Inno2_14	Inno2_14	7	2/8/2015	4.7	81.5	619	3.9	118	97	51	11.1
539	3	GENO	Inno2_30	Inno2_30	7	2/8/2015	4.4	80.7	557	3.5	290	93	61	10.2
540	3	GENO	Inno4_5	Inno4_5	7	2/8/2015	4.2	81	603	3.8	256	82	22	10.4
541	3	GENO	Inno1_9	Inno1_9	7	2/8/2015	4.3	80.7	535	3.3	475	94	28	10.7
542	3	GENO	Inno4_10	Inno4_10	7	2/8/2015	4.2	80.7	534	3.3	344	81	30	10.5
543	3	GENO	Inno4_12	Inno4_12	7	2/8/2015	4	81	602	3.8	136	91	11	10
544	3	GENO	Inno3_7	Inno3_7	7	2/8/2015	5	81.1	627	3.9	403	78	56	11.4
545	3	GENO	Inno2_5	Inno2_5	7	2/8/2015	5.3	81	540	3.4	433	74	35	10.6
546	3	GENO	Inno2_24	Inno2_24	7	2/8/2015	5.2	80.7	639	4	235	98	16	10.7
547	3	GENO	Inno4_1	Inno4_1	7	2/8/2015	4.7	81	575	3.6	93	97	26	10.3
548	3	KALENA	LL99	KALENA	7	2/8/2015	5	82	555	3.5	302	89	28	10.8
549	3	GENO	Inno1_162	Inno1_162	7	2/8/2015	4.9	81.2	579	3.6	397	90	37	11.4
550	3	UMBRELLA	LL99	UMBRELLA	7	2/8/2015	4.3	81.1	547	3.4	287	93	55	9.4
551	3	GENO	Inno4_17	Inno4_17	7	2/8/2015	4.4	79.7	648	4.1	393	91	43	11.7
552	3	GENO	Inno3_5	Inno3_5	8	9/8/2015	4.6	81.4	669	4.2	400	91	50	11.5
553	3	GENO	Inno2_1	Inno2_1	8	9/8/2015	4.5	80.3	567	3.5	323	91	43	11.9
554	3	ARRAYAN	LL99	ARRAYAN	8	9/8/2015	4.1	79.9	530	3.3	577	76	36	10
555	3	GENO	Inno1_159	Inno1_159	8	9/8/2015	4.3	80.1	516	3.2	614	73	45	11.4
556	3	GENO	Inno4_16	Inno4_16	8	9/8/2015	4.2	80.5	619	3.9	445	94	43	11.2
557	3	GENO	Inno2_26	Inno2_26	8	9/8/2015	4.2	80.7	550	3.4	542	73	31	10.5
558	3	GENO	Inno2_25	Inno2_25	NA	9/8/2015	NA	NA	NA	NA	NA	NA	NA	NA
559	3	GENO	Inno3_3	Inno3_3	8	9/8/2015	4.1	81.9	615	3.8	361	86	37	10.5
560	3	GENO	Inno4_26	Inno4_26	8	9/8/2015	4.4	79.7	645	4	425	90	16	11.2
561	3	GENO	Inno1_154	Inno1_154	8	9/8/2015	4.6	81.9	641	4	599	85	65	10.9
562	3	GENO	Inno4_15	Inno4_15	8	9/8/2015	4.1	81.4	574	3.6	288	96	48	10.7
563	3	GENO	Inno2_44	Inno2_44	8	9/8/2015	4.1	81.4	665	4.2	294	100	57	10.5
564	3	GENO	Inno1_144	Inno1_144	8	9/8/2015	4.1	81.6	621	3.9	341	93	44	10.9
565	3	CONCHITA	LL99	CONCHITA	8	9/8/2015	4.3	81.3	585	3.7	489	91	29	11.1
566	3	GENO	Inno3_45	Inno3_45	8	9/8/2015	4.1	81.1	687	4.3	442	91	47	12.2
567	3	GENO	Inno4_3	Inno4_3	8	9/8/2015	3.9	80	710	4.4	72	94	42	12.3
568	3	GENO	Inno3_15	Inno3_15	8	9/8/2015	4.7	79.4	584	3.6	456	97	51	11.9
569	3	GENO	Inno2_18	Inno2_18	8	9/8/2015	5	81.3	539	3.4	478	91	33	11.1
570	3	LIVIA	LL99	LIVIA	8	9/8/2015	4.4	81.7	715	4.5	84	96	52	10.4
571	3	GENO	Inno2_22	Inno2_22	8	9/8/2015	4.3	80.4	553	3.5	446	98	33	10.9
572	3	CLE267	LL99	CLE267	8	9/8/2015	4.4	81.2	668	4.2	252	86	23	11.3
573	3	GENO	Inno3_1	Inno3_1	8	9/8/2015	4.5	80.3	526	3.3	582	93	36	11.6
574	3	GENO	Inno2_11	Inno2_11	8	9/8/2015	4.4	79.7	547	3.4	599	94	71	12.1
575	3	GENO	Inno1_150	Inno1_150	8	9/8/2015	4.5	80.1	498	3.1	653	72	40	11.7
576	3	GENO	Inno2_33	Inno2_33	8	9/8/2015	5	80.2	583	3.6	237	84	41	11
577	3	GENO	Inno2_8	Inno2_8	8	9/8/2015	5	80.7	595	3.7	409	89	38	10.9
578	3	DANIELLE	LL99	DANIELLE	8	9/8/2015	4.6	81.4	568	3.6	302	90	59	10.5
579	3	GENO	Inno3_27	Inno3_27	8	9/8/2015	4.9	79.9	614	3.8	543	73	36	11.5
580	3	DAYMAN	LL99	DAYMAN	8	9/8/2015	4.5	80.3	636	4	636	80	27	11.2
581	3	GENO	Inno3_34	Inno3_34	8	9/8/2015	4.6	80.7	618	3.9	265	80	37	12.4
582	3	GENO	Inno4_27	Inno4_27	8	9/8/2015	4.2	79.8	593	3.7	400	95	33	10.7
583	4	LIVIA	LL99	LIVIA	8	9/8/2015	4	81.3	564	3.5	79	91	38	10.2
584	4	GENO	Inno3_20	Inno3_20	8	9/8/2015	5	81.3	523	3.3	478	95	66	10.2
585	4	GENO	Inno1_25	Inno1_25	8	9/8/2015	5.1	81.1	619	3.9	199	96	51	10
586	4	GENO	Inno3_14	Inno3_14	8	9/8/2015	5.3	79.5	606	3.8	301	91	42	11.7
587	4	GENO	Inno1_161	Inno1_161	8	9/8/2015	5	80.5	609	3.8	480	86	36	11.2
588	4	GENO	Inno4_9	Inno4_9	8	9/8/2015	4.7	81.2	518	3.2	394	92	55	9.5
589	4	GENO	Inno2_20	Inno2_20	8	9/8/2015	5.2	79.9	543	3.4	580	92	61	11.6
590	4	GENO	Inno4_19	Inno4_19	8	9/8/2015	4.6	80.4	662	4.1	107	97	37	11.3
591	4	DANIELLE	LL99	DANIELLE	8	9/8/2015	4.4	81.4	599	3.7	244	89	56	11
592	4	GENO	Inno3_33	Inno3_33	9	16/8/2015	4.2	80.7	647	4	404	90	35	11.5
593	4	GENO	Inno2_4	Inno2_4	9	16/8/2015	4.2	79.3	571	3.6	643	80	60	11.1
594	4	UMBRELLA	LL99	UMBRELLA	9	16/8/2015	3.6	80.4	533	3.3	331	95	61	9.9
595	4	GENO	Inno4_30	Inno4_30	9	16/8/2015	3.7	80.2	668	4.2	313	92	24	11.7
596	4	GENO	Inno4_21	Inno4_21	9	16/8/2015	3.9	78.5	619	3.9	314	95	18	11.9
597	4	GENO	Inno3_35	Inno3_35	9	16/8/2015	3.7	80.7	675	4.2	409	83	29	12.6
598	4	DAYMAN	LL99	DAYMAN	9	16/8/2015	3.8	79.6	646	4	746	88	57	11.8
599	4	GENO	Inno3_19	Inno3_19	9	16/8/2015	4.4	81.4	620	3.9	233	95	22	10.9
600	4	CLE267	LL99	CLE267	9	16/8/2015	4	81	715	4.5	281	97	19	10.6
601	4	GENO	Inno1_2	Inno1_2	9	16/8/2015	4.1	81.1	593	3.7	223	94	38	11
602	4	GENO	Inno1_164	Inno1_164	9	16/8/2015	4.1	82.1	647	4	415	97	33	10.9
603	4	GENO	Inno3_29	Inno3_29	9	16/8/2015	3.8	82.1	623	3.9	200	88	14	10.5
604	4	GENO	Inno1_158	Inno1_158	9	16/8/2015	4	79.1	538	3.4	598	93	13	11.7
605	4	GENO	Inno2_10	Inno2_10	9	16/8/2015	4	81	583	3.6	548	90	42	11.6
606	4	GENO	Inno3_38	Inno3_38	9	16/8/2015	3.9	80	638	4	265	89	54	11.3
607	4	GENO	Inno2_27	Inno2_27	9	16/8/2015	4.5	81.5	514	3.2	573	70	33	9.8
608	4	GENO	Inno1_145	Inno1_145	9	16/8/2015	4.9	80.4	728	4.6	430	75	49	12.5
609	4	GENO	Inno2_32	Inno2_32	9	16/8/2015	4.6	76.4	912	5.7	447	81	38	14.6
610	4	GENO	Inno4_2	Inno4_2	9	16/8/2015	4	80.8	549	3.4	512	90	39	10.5
611	4	KALENA	LL99	KALENA	9	16/8/2015	4.5	81	561	3.5	410	88	36	11.5
612	4	ARRAYAN	LL99	ARRAYAN	9	16/8/2015	4.8	80	552	3.5	600	73	32	10.9
613	4	CONCHITA	LL99	CONCHITA	9	16/8/2015	5.1	80.6	596	3.7	454	83	33	11.2
614	4	GENO	Inno3_8	Inno3_8	9	16/8/2015	4.3	80.8	611	3.8	298	91	38	12.4
615	4	GENO	Inno3_11	Inno3_11	9	16/8/2015	4.9	81.7	646	4	194	96	51	11.6
616	4	GENO	Inno4_29	Inno4_29	9	16/8/2015	4.4	80.7	677	4.2	75	80	31	11.3
617	4	GENO	Inno1_119	Inno1_119	9	16/8/2015	4.7	80.5	548	3.4	517	90	58	11.2
618	4	GENO	Inno3_37	Inno3_37	9	16/8/2015	4.4	81.2	614	3.8	384	94	36	11.5
619	4	GENO	Inno3_39	Inno3_39	9	16/8/2015	4.5	80.6	654	4.1	354	94	50	11.7
620	4	GENO	Inno3_32	Inno3_32	9	16/8/2015	4.4	80.5	603	3.8	450	90	49	11.7
621	4	GENO	Inno1_157	Inno1_157	9	16/8/2015	4.5	79.1	514	3.2	726	72	51	10.8
622	4	GENO	Inno1_148	Inno1_148	9	16/8/2015	4.3	81.1	526	3.3	554	74	54	10.7
623	4	GENO	Inno1_151	Inno1_151	9	16/8/2015	4.7	81.2	582	3.6	304	90	52	11
624	4	GENO	Inno3_36	Inno3_36	9	16/8/2015	5	81.1	607	3.8	228	94	27	10.9
625	4	GENO	Inno2_43	Inno2_43	9	16/8/2015	4	80.5	536	3.3	308	88	57	10.4
626	4	GENO	Inno3_26	Inno3_26	9	16/8/2015	5	81.3	551	3.4	357	91	32	10.8
